AFRper0	AFRper0	51	-0.03171495	0.04394965	-0.001240568	0.1297648	0.05393945	0.06150936	0.03497558	0.1510207	0.09302708	0.06535886
AFRper1	AFRper1	30	-0.0292074	-0.06434993	0.3115102	-0.1082711	-0.03986452	-0.08506702	-0.02547057	0.1684635	-0.1241683	0.003032361
AFRper2	AFRper2	47	-0.1612983	0.05494014	0.07886601	0.01217452	-0.2005196	-0.1235491	-0.02265038	-0.04977472	0.04583423	-0.05223315
AFRper3	AFRper3	33	-0.101692	-0.08288704	0.1069802	0.01806629	0.1153568	-0.009551309	0.1585615	0.09379873	0.09048915	0.001015797
AFRper4	AFRper4	24	0.07891496	0.1450254	0.02879682	-0.08104622	0.1174709	-0.04493895	0.09277643	-0.0844188	0.02616332	-0.01669402
AFRper5	AFRper5	60	-0.04557541	0.01786502	-0.001767163	-0.09432322	0.0241234	0.006261273	0.04978167	-0.01759197	0.05048114	-0.0497591
AFRper6	AFRper6	31	-0.1460729	-0.09477152	-0.06037644	-0.03061119	-0.1501343	0.005367471	0.1277641	0.1522981	-0.04421472	-0.1038757
AFRper7	AFRper7	52	0.07918945	0.04663961	-0.02191713	0.003664683	-0.08200384	-0.05994077	0.03701254	-0.04428931	-0.1573517	0.02419382
AFRper8	AFRper8	22	-0.003400437	-0.04577199	-0.09287107	-0.03692239	0.1058199	-0.03948028	-0.001846583	-0.02872687	0.03055155	-0.1061903
AFRper9	AFRper9	56	0.02468144	-0.01544682	0.03565292	0.07436226	-0.1172645	-0.124312	0.09994893	-0.09749526	-0.06672634	-0.07510383
AFRper10	AFRper10	32	-0.1005615	-0.08799486	-0.08279298	0.02350062	-0.01335167	-0.1437875	0.01846848	0.1117214	0.07718623	0.1681919
AFRper11	AFRper11	47	0.09804793	0.005402107	0.1990145	0.02690697	0.03863244	0.06976575	-0.03407611	0.118604	0.01560336	0.08907645
AFRper12	AFRper12	22	-0.02990552	-0.01134694	-0.04174764	-0.06408901	0.05967318	-0.08039115	0.1079416	0.007616097	0.2619307	-0.01996592
AFRper13	AFRper13	36	0.01598716	0.01303275	0.0536042	0.008387881	0.03358149	0.06944644	0.009295548	0.03001514	0.1788205	-0.0868437
AFRper14	AFRper14	25	0.04652047	0.035013	-0.04814777	0.1162075	0.04198642	-0.03556252	-0.06587953	0.1965525	-0.04583603	-0.07068963
AFRper15	AFRper15	60	0.07724119	0.05323959	0.003484193	-0.1808917	0.006641378	0.1025712	-0.01477287	0.04732021	0.01378773	0.05254098
AFRper16	AFRper16	23	-0.1520132	0.07057663	-0.05614214	0.1294361	-0.1130307	-0.1555903	0.006039211	0.003884661	-0.02458654	-0.02091985
AFRper17	AFRper17	30	-0.0198342	-0.1794447	-0.03728867	-0.011329	-0.06446508	-0.0371181	0.02216325	-0.0305786	-0.1765967	0.1502235
AFRper18	AFRper18	27	0.002194964	0.02150616	-0.03087662	0.04310186	0.04961167	0.008047434	-0.1098598	0.03015257	-0.04263921	0.1194768
AFRper19	AFRper19	29	-0.006478768	0.02102674	0.04701037	0.05555328	-0.0008567979	0.02344371	-0.0039982	-0.01621694	0.04343278	-0.06781205
AFRper20	AFRper20	27	0.02942919	-0.02167357	-0.06647945	0.04618867	-0.01231428	0.1405967	0.2130594	-0.06050762	-0.07274957	0.06924764
AFRper21	AFRper21	53	0.0288311	0.02933756	-0.1251829	0.1529745	-0.05888756	0.06682934	0.001252939	0.1290254	0.01629803	-0.02250754
AFRper22	AFRper22	46	-0.07186574	0.03597996	-0.128444	0.02210678	-0.05381361	-0.01105769	0.08769044	-0.07297802	0.004000427	0.1970129
AFRper23	AFRper23	39	-0.0303023	0.1251563	0.007401976	-0.1380318	0.005372867	0.018065	-0.01287631	-0.08518647	-0.00471801	-0.07041562
AFRper24	AFRper24	35	0.09405145	-0.06072283	0.1270875	-0.02764253	0.0785262	-0.105793	0.01989682	0.1221647	0.01741291	0.08672279
AFRper25	AFRper25	39	0.0189016	0.04276692	0.05106989	0.09804559	-0.06427256	-0.02034226	0.05076859	0.043745	-0.01058431	-0.002063916
AFRper26	AFRper26	39	-0.2060315	-0.06413188	-0.1837736	0.166946	0.03989202	0.06277358	-0.1291875	-0.171417	-0.06587514	0.04148957
AFRper27	AFRper27	43	0.03421924	0.001445127	-0.008063925	0.007269852	0.09965034	-0.0577885	0.001943163	0.06942055	-0.08528063	0.07627818
AFRper28	AFRper28	51	0.05243553	0.1144975	0.1272533	-0.05603992	-0.01730362	-0.1186861	0.0337654	0.02885386	-0.01744746	0.005185625
AFRper29	AFRper29	24	0.04304888	-0.1478165	0.03316113	0.004171431	-0.09305293	0.1991724	0.0002810139	-0.04246296	0.04868285	-0.0161469
AFRper30	AFRper30	22	0.08810086	-0.08632832	-0.04639131	0.135135	-0.06595137	-0.0746745	0.02697428	-0.03232696	-0.09793824	0.08971413
AFRper31	AFRper31	25	-0.006857544	0.02285716	-0.1239338	-0.1056079	0.1805461	0.0900149	-0.217364	0.02853201	0.0616084	-0.1125674
AFRper32	AFRper32	47	0.1575213	-0.03600036	0.08615243	-0.04445009	-0.05052678	0.09251334	-0.05617143	-0.08670862	-0.0200145	0.1504786
AFRper33	AFRper33	49	-0.04363184	0.03531504	0.05850741	0.0008045358	-0.09985087	0.04771227	-0.06126784	-0.1007329	0.07890561	0.06027423
AFRper34	AFRper34	60	0.005314531	0.050335	-0.03692898	0.03493913	0.1237818	-0.03122015	0.0604765	-0.1341169	-0.130525	-0.02245236
AFRper35	AFRper35	50	-0.2203698	0.0005307727	0.1363309	-0.01568596	0.1196291	-0.04471102	-0.02754675	-0.04683879	-0.02036951	-0.1249731
AFRper36	AFRper36	55	0.103394	-0.1040667	0.03523907	-0.0644732	-0.06577672	0.01226376	0.1007148	-0.06072895	-0.01821659	-0.1970658
AFRper37	AFRper37	34	-0.1130111	0.02006602	0.06520228	-0.08253835	-0.01409053	-0.03798356	-0.1674433	0.07570218	0.03929181	-0.05916111
AFRper38	AFRper38	51	0.1261659	0.09610075	0.04031314	-0.04934597	0.0586481	-0.02550959	-0.09925102	-0.07379079	-0.06365693	-0.08847133
AFRper39	AFRper39	53	0.0441326	0.04914993	0.01160203	0.1320329	0.0249659	0.03949293	0.003242495	0.02299284	-0.07567271	-0.03712481
AFRper40	AFRper40	31	-0.05071102	-0.05549777	-0.0129112	-0.07905596	-0.03842608	0.1741804	-0.04249545	-0.02408855	-0.05864693	-0.07745489
AFRper41	AFRper41	38	0.08548895	-0.02315438	0.01489803	0.03386455	-0.04307864	-0.09281836	-0.0207609	-0.1206461	-0.02818632	-0.05367141
AFRper42	AFRper42	29	0.1529017	-0.1126618	-0.02676946	0.03770555	0.0106427	0.08413949	0.01635895	-0.1430185	0.04652035	-0.03341941
AFRper43	AFRper43	26	0.01857345	-0.08731226	-0.04417501	-0.1015689	-0.1519621	0.04285094	-0.02843968	-0.0558532	-0.06796451	-0.009272716
AFRper44	AFRper44	53	-0.09448879	0.1849503	-0.09234223	0.05667934	0.07696176	0.01500336	-0.04702548	-0.06175216	0.01249204	0.0534469
AFRper45	AFRper45	52	0.06160401	0.07399626	-0.03712723	-0.04648586	0.05029466	-0.05341885	-0.1754509	0.04749553	-0.02169163	0.03318301
AFRper46	AFRper46	29	-0.0565463	-0.1460528	-0.04425338	-0.2111253	0.03084335	-0.02095907	-0.04281058	0.01742557	-0.08952183	0.1578701
AFRper47	AFRper47	27	0.063497	0.09017043	0.02105521	0.1275568	-0.07515428	-0.01078699	-0.1556345	0.1234736	0.02620483	-0.1014207
AFRper48	AFRper48	51	0.09755844	0.0007983436	0.002302014	0.01006328	0.05065568	0.1459059	0.08693679	0.008991865	0.09693971	-0.0208198
AFRper49	AFRper49	41	-0.01241695	0.09552718	-0.03128271	-0.0639941	0.05510597	0.01933529	0.01358753	-0.1145355	0.2027806	0.02223902
EASper0	EASper0	49	-0.08980215	-0.120172	0.01984318	0.02006314	-0.006290849	-0.06760668	0.2525466	-0.0870298	0.04021504	0.04610022
EASper1	EASper1	20	-0.08706455	-0.04496775	0.09947092	-0.07394627	-0.01584126	0.1281579	-0.03260231	-0.08020974	-0.1024442	-0.01777112
EASper2	EASper2	47	0.09577729	-0.1837929	0.02956391	0.001886893	-0.01961487	0.1110946	0.01346641	0.1636614	-0.04841331	0.02575818
EASper3	EASper3	51	0.07831156	0.1413548	0.01874752	-0.03281762	-0.2199621	-0.02231421	0.01195208	0.06350259	0.03890437	-0.04858401
EASper4	EASper4	58	0.009189387	0.06452508	0.05980623	0.1095866	0.05871984	0.02825737	-0.08174679	0.004867797	0.07716831	0.02186172
EASper5	EASper5	58	0.09200123	0.09549892	0.05042536	0.2469782	-0.01821008	0.04022175	-0.0235925	-0.03031066	0.1587843	-0.1167009
EASper6	EASper6	45	0.02008592	-0.126745	-0.03852179	0.09259031	-0.1450917	0.03434339	-0.04642165	0.07175774	-0.03785706	0.1012479
EASper7	EASper7	39	-0.1238361	-0.1163744	0.06089079	-0.05166754	-0.03164611	0.1046191	0.05770258	0.07086252	-0.07286144	0.07372026
EASper8	EASper8	54	0.06373099	-0.1122462	0.1789181	0.01802359	0.05065465	-0.002626651	0.05398938	0.13767	-0.01694533	0.1087487
EASper9	EASper9	39	-0.2125906	0.06737271	-0.01693404	-0.02513196	0.1273011	-0.07469262	0.02213606	-0.06955991	-0.04460226	0.1935676
EASper10	EASper10	28	0.06420418	0.09176213	0.1521395	-0.04167501	-0.01542963	0.01544848	-0.07016812	-0.08421862	0.04361085	0.1244443
EASper11	EASper11	25	-0.0681496	0.08606238	-0.1477916	-0.09020262	-0.1490947	-0.06321295	-0.1320645	-0.03718704	-0.08944929	0.03946062
EASper12	EASper12	60	0.06490186	-0.009812944	0.04426201	0.1157389	0.01819327	-0.1099952	-0.06515692	-0.1980152	0.1088999	0.02906965
EASper13	EASper13	59	-0.08580486	0.04944454	0.04483889	0.1930324	0.03584609	0.1508745	-0.005556002	0.07120403	-0.2299815	0.01166046
EASper14	EASper14	38	-0.02724277	-0.1162143	0.02020224	-0.002659589	-0.04846497	0.06354183	-0.06280544	-0.0494958	0.01651487	0.05737777
EASper15	EASper15	30	0.07696782	0.1280577	0.06739172	-0.03998723	0.1670095	0.07369788	0.05537924	-0.1244521	-0.1310435	0.1481362
EASper16	EASper16	37	-0.1327507	0.1077843	0.1280789	0.009183883	0.07101829	0.07452088	-0.04048334	-0.05230088	0.1714296	0.0641499
EASper17	EASper17	51	-0.09002798	0.05067263	0.1726637	0.03018152	-0.117316	0.1301691	-0.05542089	0.03068344	-0.1355629	0.02169355
EASper18	EASper18	60	-0.06322997	-0.1455526	0.01605432	0.0354574	0.008707161	-0.04073399	-0.0009494958	0.03074538	0.05431341	-0.09605553
EASper19	EASper19	55	-0.025234	0.07974882	-0.1709703	-0.1624574	0.03555643	-0.116604	-0.01703522	-0.05507783	0.006742311	0.07584462
EASper20	EASper20	55	0.03840176	0.1018757	0.01552095	-0.1222388	-0.09726778	0.05962172	0.1057175	0.04032187	0.02768096	-0.07096331
EASper21	EASper21	31	-0.02140936	0.00426892	0.01686167	0.07073768	-0.03873642	-0.2065628	0.0137849	-0.05778227	-0.08321303	-0.04934506
EASper22	EASper22	47	-0.07814567	-0.08831745	0.01094427	-0.01777196	-0.02761174	0.003982408	9.289579e-05	0.007934807	-0.01250473	0.03841097
EASper23	EASper23	32	0.08362369	-0.1214289	0.01173096	-0.04291674	0.002538819	0.01529353	0.08575497	0.06674924	0.07380358	-0.05900634
EASper24	EASper24	22	0.1044714	0.04234967	-0.09642941	-0.07877564	0.01417561	0.07468643	-0.00423907	0.04196309	-0.1196277	-0.161957
EASper25	EASper25	38	-0.1089865	0.02315428	-0.05764831	0.01863688	-0.05971999	-0.005017501	0.001327354	0.1444679	0.02270022	-0.02268572
EASper26	EASper26	56	0.0319606	0.01390169	0.02295847	-0.02456396	-0.01924206	-0.137898	-0.1543952	0.04996262	-0.07879923	-0.04681297
EASper27	EASper27	39	-0.03333149	0.004222827	-0.06381511	0.09049793	-0.03770399	-0.05150767	0.0132467	-0.05601466	-0.03054826	-0.07589623
EASper28	EASper28	22	-0.0679264	-0.09015874	0.04893749	-0.1289471	0.05813794	-0.07226864	-0.01446215	-0.03963739	0.1261804	-0.1748753
EASper29	EASper29	36	-0.03628677	0.1692011	-0.08292187	-0.02751691	0.08256672	-0.1317838	-0.09175413	0.07079768	-0.04276608	0.08953161
EASper30	EASper30	54	-0.1399099	-0.03668147	0.07743424	0.08860435	0.1869187	0.0136757	-0.09679736	-0.002088555	-0.185673	0.05772701
EASper31	EASper31	53	-0.01244883	-0.1408699	-0.05344988	0.1420384	0.1027019	0.1060912	0.050914	0.0340455	0.09417347	-0.01577855
EASper32	EASper32	30	-0.01375196	-0.02484514	-0.09444232	-0.1299161	-0.06651268	-0.07294252	0.0264642	0.07573563	0.1144399	-0.05536575
EASper33	EASper33	46	0.1509086	-0.09665369	-0.03915082	-0.051412	0.105657	0.01864603	0.002857	-0.1136041	0.1648489	-0.008207038
EASper34	EASper34	37	0.04184284	-0.04304789	-0.07183601	0.06525862	0.1011998	0.1695023	-0.01358286	-0.06559663	-0.07037925	0.09050141
EASper35	EASper35	43	0.03101314	0.07266048	-0.003788194	0.02359023	0.07800073	0.06229255	-0.1113743	0.2162072	0.08988649	-0.1058624
EASper36	EASper36	24	0.001227989	0.06766055	0.1115553	-0.04954355	-0.1264818	0.1312119	0.0337298	-0.04041974	-0.1298476	0.04480685
EASper37	EASper37	25	0.1192509	0.06109375	0.0009038826	-0.1177785	0.07926895	0.1138811	0.03108287	-0.003612024	-0.2504966	0.06675223
EASper38	EASper38	46	-0.03597434	-0.08285412	0.01162909	0.0894035	-0.09005487	0.008242603	-0.1001669	0.007424421	0.06000046	0.04237115
EASper39	EASper39	60	0.02806892	-0.08826081	-0.09725209	0.07234327	0.0401727	-0.07263265	0.02702372	-0.1360787	0.07351019	-0.08177653
EASper40	EASper40	57	0.07870005	0.01616239	-0.1751484	0.0977506	0.09637304	0.1496716	0.02040642	0.08755815	0.08366429	0.06255033
EASper41	EASper41	24	-0.06077522	-0.08147078	0.04537877	-0.1580852	-0.01192582	-0.04397295	-0.02615442	0.04262118	0.0181771	0.06948468
EASper42	EASper42	20	-0.003380539	-0.04088554	-0.06309735	0.04511765	0.07230505	-0.1193676	-0.03540679	-0.06145572	-0.08064832	-0.105805
EASper43	EASper43	44	0.01417596	-0.06843981	0.06369928	0.07508086	-0.1406623	-0.05138738	0.0700265	-0.01411925	0.04528135	-0.06546468
EASper44	EASper44	49	-0.00780857	-0.12773	-0.04122794	-0.2841896	-0.008232905	0.008608214	-0.01687782	0.02627951	0.05890199	-0.1775915
EASper45	EASper45	55	0.1112331	0.01573632	-0.09734266	0.004344173	0.07636951	0.04454441	0.1921749	-0.120814	-0.04994535	-0.1911696
EASper46	EASper46	44	-0.07210732	0.06312685	0.05741961	0.01172121	-0.1082111	0.05238433	0.06527668	-0.01945633	0.06931835	-0.03158312
EASper47	EASper47	37	0.02879904	0.07341621	-0.1522054	0.1236726	-0.02320647	-0.09314354	-0.02384575	0.1871092	0.0210869	0.1062333
EASper48	EASper48	25	-0.05195793	0.04638843	0.04169381	-0.1103472	-0.01205795	-0.1869358	0.01866587	-0.01201759	0.05538223	-0.02320705
EASper49	EASper49	29	0.2675293	0.1840176	-0.1893919	-0.04917929	-0.06397157	-0.1094674	0.07493875	-0.009314691	-0.0002219298	0.06023232
EURper0	EURper0	48	-0.06711745	-0.03047789	0.09331615	-0.04760639	0.1005198	-0.08861806	-0.00475038	0.09613258	-0.05835401	0.01590464
EURper1	EURper1	50	-0.05051105	0.02687459	0.02062823	-0.02189661	-0.06549154	0.1188431	-0.1872732	-0.1068115	0.01105233	0.01062831
EURper2	EURper2	53	0.109198	-0.02702271	-0.1049764	0.01217447	-0.1671008	-0.03151322	0.002998741	-0.03140229	-0.01418842	0.09968695
EURper3	EURper3	22	0.1198847	-0.1670108	-0.1236882	0.02730088	-0.0913321	-0.01231993	0.03238723	-0.07339707	0.09488583	0.09314602
EURper4	EURper4	32	0.08173456	-0.09602506	-0.03674991	-0.08518863	0.1113898	0.09776803	-0.1680885	0.005985667	0.1035687	0.1913051
EURper5	EURper5	28	-0.1147326	0.1521965	-0.2081932	-0.1358602	0.1015214	-0.08416344	0.04696209	0.06484435	0.05210662	-0.0406454
EURper6	EURper6	50	0.1882838	-0.1034153	0.06199676	0.02954396	0.1807836	-0.01782395	-0.06628145	-0.08144116	0.106137	-0.1306696
EURper7	EURper7	33	0.1493272	0.03238054	-0.000168288	-0.002890501	0.1087953	-0.07192689	0.08083625	0.06380027	-0.03445596	-0.1190924
EURper8	EURper8	21	-0.07016883	-0.02726963	0.03505749	0.2228498	0.07455421	-0.05455596	0.08614067	0.04780101	0.02815616	0.0516941
EURper9	EURper9	24	0.08752672	0.07134568	-0.05908699	0.1142231	-0.0236926	0.1283732	0.1008723	-0.06236069	0.08614641	0.01927809
EURper10	EURper10	27	0.04874188	0.1744401	-0.06617328	-0.03521733	-0.08046452	0.02299878	0.0622682	-0.07173044	-0.01233093	-0.07126055
EURper11	EURper11	30	-0.03623793	-0.1098077	0.1799304	-0.03998408	0.07336573	-0.1970379	0.07103639	0.00870947	0.03043131	0.05857047
EURper12	EURper12	40	-0.0826315	-0.05077203	0.1794946	-0.04534609	-0.003046682	0.01873541	0.1585012	-0.0784679	-0.04209663	-0.1501438
EURper13	EURper13	31	0.02200469	0.06502332	-0.02748177	0.2082395	0.07237516	-0.08605017	-0.03669207	-0.02946536	-0.00276966	-0.02805688
EURper14	EURper14	39	-0.1031157	-0.05222314	-0.1438057	0.09399675	0.003697848	0.1627374	-0.1141704	-0.02560028	0.01381657	-0.04872448
EURper15	EURper15	22	0.004395097	-0.1373898	-0.1417495	-0.06065717	0.02968528	-0.1021727	-0.1137239	-0.144968	-0.1765964	-0.01022312
EURper16	EURper16	29	0.153351	-0.1730984	-0.04632673	-0.06575268	-0.02500493	-0.02005941	-0.01685789	-0.0316772	0.0152599	0.0403948
EURper17	EURper17	51	0.01148151	-0.01371474	-0.03164973	-0.0003570606	0.033876	0.07344471	0.06260815	0.3563074	-0.1249026	-0.01800706
EURper18	EURper18	37	-0.07537373	-0.1109076	0.1875157	0.1047768	-0.06718745	-0.07805393	-0.04916622	-0.0003830203	0.07430608	-0.1338582
EURper19	EURper19	50	0.005069998	-0.01500645	0.05646436	0.1010645	0.02182241	0.06459087	0.08641987	0.137692	0.08405735	0.03794122
EURper20	EURper20	52	-0.01435939	0.004708411	-0.05548055	0.004355923	-0.0003011653	-0.0003788605	0.05982754	-0.1098914	-0.1554577	0.05422192
EURper21	EURper21	55	0.02019804	-0.04564034	0.03596257	0.08200673	-0.01803824	-0.03298632	0.04356572	0.2105798	-0.1008457	0.0616708
EURper22	EURper22	56	0.02041459	0.03804115	0.06103557	0.05485782	-0.193764	-0.156867	-0.1366995	-0.04729388	0.03967833	0.08260059
EURper23	EURper23	41	0.03370799	0.0730126	0.02206703	-0.1124235	-0.05542313	0.1368151	-0.11344	-0.1379025	0.0116824	-0.104346
EURper24	EURper24	55	-0.1145179	0.0991474	0.001758666	-0.02384374	0.1563143	0.1832224	0.04519795	0.04277587	-0.08316699	-0.01451063
EURper25	EURper25	49	0.1000209	0.04685243	-0.0215258	-0.03164891	0.1403205	-0.09128363	-0.00172078	0.1425582	-0.01797557	0.01030223
EURper26	EURper26	23	0.04525207	-0.01097943	0.009849909	0.05797953	-0.02021613	0.09866233	-0.04352818	-0.09030846	-0.08164388	-0.1396844
EURper27	EURper27	32	0.1336346	0.1470571	0.1468898	0.06067049	-0.09644681	-0.01335889	0.06221893	0.06159293	0.1192728	-0.003172656
EURper28	EURper28	55	-0.09157222	0.08177763	0.07995246	-0.0673398	-0.07139374	0.1501599	-0.1023109	-0.1225151	0.06720886	-0.02284108
EURper29	EURper29	35	0.02564268	-0.1302966	-0.2936253	0.03650272	0.0451192	-0.1744535	-0.04870227	-0.0116823	0.03991049	-0.01141978
EURper30	EURper30	49	0.09154968	0.05548167	0.04551398	0.01946509	-0.06835578	-0.000196439	0.06128909	0.03435469	-0.09903804	-0.008823727
EURper31	EURper31	35	0.02183169	0.004364181	0.1163459	-0.0009564587	-0.1027422	-0.08311695	0.2004976	-0.1341396	-0.07764363	0.06715214
EURper32	EURper32	44	0.07290478	0.08001359	-0.08568814	-0.02310159	-0.09131932	-0.0550339	0.04942052	0.02153809	0.0206618	0.1552819
EURper33	EURper33	55	-0.04161107	0.1242453	-0.05722893	0.08204598	0.0889829	-0.03148152	0.05753669	0.01727428	-0.06627079	-0.05930951
EURper34	EURper34	60	-0.2138976	-0.05193421	-0.09986375	0.06653085	0.1019135	0.05721434	0.0200756	0.107979	0.08615017	-0.112211
EURper35	EURper35	36	0.1460921	0.06592138	-0.04888759	0.01451127	-0.01656595	0.01652353	0.0382757	-0.007731178	-0.1328218	0.01114919
EURper36	EURper36	34	-0.1403861	0.05891163	0.006780841	0.003279015	-0.01361517	-0.1000765	-0.03963341	-0.0499878	0.005429942	-0.0251302
EURper37	EURper37	50	0.01295801	0.1792048	0.1079019	-0.0953093	-0.05997357	0.07014435	-0.03276412	-0.07234007	0.03407018	-0.06489302
EURper38	EURper38	48	-0.09327748	-0.1517412	0.05132927	0.009756783	0.09586849	0.03814758	-0.08439227	-0.101684	0.1003152	-0.02875219
EURper39	EURper39	48	-0.1272617	-0.0753181	0.04943802	0.05010895	0.06360208	0.09534258	-0.01374715	-0.08207708	-0.08085134	-0.04437079
EURper40	EURper40	31	0.07818557	0.08811664	-0.1095704	-0.007916804	0.04048137	0.0262639	0.04657422	0.02911137	-0.1202943	0.04946438
EURper41	EURper41	45	0.01341574	-0.1793542	0.01134592	0.07782064	-0.04635338	0.1186135	-0.06598172	-0.01659269	-0.02143041	0.05548335
EURper42	EURper42	47	-0.1550076	0.02695259	-0.02839831	-0.1072777	-0.2686855	-0.1091058	-0.003748947	0.02626026	0.06160948	0.02279292
EURper43	EURper43	43	-0.03883232	0.01101527	0.09244797	-0.1537313	-0.02371788	-0.03508503	-0.0343322	-0.05521622	0.003675527	0.1231914
EURper44	EURper44	22	0.0132452	0.03069571	0.1429433	-0.03110046	0.05396167	-0.1607913	-0.02310493	-0.04160794	0.03439946	0.001497305
EURper45	EURper45	48	0.17724	0.1904703	0.09197506	-0.1226816	0.001578571	0.06767245	0.06629189	0.06326868	0.1012063	0.04943494
EURper46	EURper46	48	-7.546927e-05	0.02133764	-0.02635029	0.03958571	0.1033477	-0.05313984	0.03303969	0.1251256	-0.007696966	0.09655233
EURper47	EURper47	30	-0.11911	0.05058098	-0.05021784	-0.05669353	-0.0488921	0.06800806	-0.02638628	0.05737053	0.09431061	-0.02317337
EURper48	EURper48	36	-0.05516014	-0.09033619	-0.0205605	-0.1126624	-0.06589913	0.04740196	0.09145551	0.01491108	0.1576074	0.01448323
EURper49	EURper49	35	-0.1395397	-0.1167316	-0.02710761	-0.07676889	0.06761524	0.08509482	-0.005878977	0.05672876	0.01127751	-0.006193416
SASper0	SASper0	45	-0.03704737	0.02661819	-0.09251154	0.05805904	-0.05391879	-0.006257948	0.09716173	0.1647616	0.05711734	-0.0007382794
SASper1	SASper1	28	-0.1209256	-0.08690471	-0.0363755	-0.01482649	0.0362672	0.1091086	0.05221696	0.05792302	0.05427735	0.01700566
SASper2	SASper2	38	0.04208882	-0.1501656	-0.05414314	-0.1086716	0.04534682	0.04137281	0.0786534	0.08849145	0.04177201	-0.09637524
SASper3	SASper3	59	0.09061371	0.03074234	-0.04448286	0.04943181	0.1475747	-0.03722254	0.1161453	-0.1228748	-0.0507772	-0.05912169
SASper4	SASper4	58	0.04636499	0.08589672	-0.09963349	-0.1588265	0.003626704	-0.0014559	-0.01363961	0.02616407	0.02385225	0.04145412
SASper5	SASper5	56	-0.1908438	-0.06426941	0.01445347	0.06937145	-0.02927194	0.04146793	0.04984495	-0.005029847	0.02614619	-0.000713853
SASper6	SASper6	48	-0.0584005	0.157723	0.07449229	-0.01878605	0.1715792	-0.05426569	-0.04815266	-0.0005036024	0.0203685	-0.02543125
SASper7	SASper7	31	-0.09512815	0.08175538	-0.01020043	-0.05793138	-0.1154901	0.02764803	-0.08793504	0.104241	0.03202435	-0.06025494
SASper8	SASper8	21	-0.01273379	-0.001637086	-0.02475901	-0.2345198	-0.04604486	0.06340479	0.007484318	0.08753895	-0.05354834	0.1768376
SASper9	SASper9	28	0.1724012	-0.0221099	0.1360509	0.104517	0.03154613	-0.1141615	-0.004591601	0.04403344	0.01146912	-0.07226078
SASper10	SASper10	27	0.08506759	0.03215076	-0.02412312	-0.005390562	0.1168675	-0.01438666	-0.08606197	-0.005427841	-0.112272	0.0901641
SASper11	SASper11	51	0.02758451	-0.0678969	0.01439287	-0.1343538	0.1032234	-0.1984693	-0.09527599	0.001868375	-0.1126658	0.03256276
SASper12	SASper12	41	0.07770316	-0.06234292	-0.03956216	-0.02444676	-0.09318375	0.08830487	-0.1321432	-0.02139495	-0.03833199	-0.009571468
SASper13	SASper13	26	-0.01942212	0.1555139	0.02912928	-0.03571768	-0.01493419	0.1600523	0.0309871	-0.01070282	0.01722832	-0.1106022
SASper14	SASper14	55	-0.08850543	-0.004290546	-0.08107827	0.05079039	-0.102957	-0.003046116	0.1277529	0.03648066	0.02822577	-0.0172626
SASper15	SASper15	39	0.04107457	-0.01907378	0.1015005	-0.06535071	-0.01848536	0.05237151	0.06752686	0.08319031	-0.3192585	-0.03588995
SASper16	SASper16	22	0.06113739	0.07486029	-0.1388782	-0.06231537	-0.05320123	0.04569113	0.01228424	0.04662408	0.04026348	0.1354611
SASper17	SASper17	24	0.0509607	-0.1501367	0.08479028	0.08874513	0.1787496	0.07225195	-0.1214902	-0.01333422	0.09436647	0.1377562
SASper18	SASper18	41	-0.06926166	-0.001068798	-0.01499156	-0.03257566	0.009452382	-0.0238336	-0.04508347	-0.1739014	0.0107507	0.1179143
SASper19	SASper19	57	-0.06147831	0.1104922	-0.02446732	-0.08005511	-0.1205272	0.162128	0.1381257	-0.0398164	0.1239707	0.1005889
SASper20	SASper20	56	-0.003141579	0.06282113	0.05356571	0.0973345	0.08594029	0.009359487	0.004771545	-0.232076	-0.007562264	0.2132888
SASper21	SASper21	49	0.05318964	-0.08981619	0.01883528	0.1474004	-0.1076672	-0.1030519	-0.0725796	-0.1130079	0.04851665	0.03356441
SASper22	SASper22	36	-0.07590976	-0.07420359	0.01380283	-0.02923382	-0.2120734	0.06230352	-0.1975177	0.01253717	-0.1006778	-0.1305757
SASper23	SASper23	32	0.1277616	-0.003926935	0.06930338	0.05494079	-0.08376455	-0.1557536	-0.1904287	0.2140594	0.1261473	-0.003646434
SASper24	SASper24	26	-0.1066152	-0.07496941	0.04632541	0.03185638	0.1244064	-0.1215999	-0.09990835	-0.09938895	-0.02575669	-0.0119017
SASper25	SASper25	44	-0.04491885	0.1561745	-0.002686663	0.1553037	-0.04089868	-0.03003906	-0.2166118	-0.01331527	0.01880919	-0.07194568
SASper26	SASper26	27	0.05851691	0.04819488	0.08264365	0.05544158	0.02599797	0.0200783	0.007032766	-0.04516349	0.02727206	-0.03033544
SASper27	SASper27	27	-0.01476504	0.02096246	-0.0105639	-0.1476179	0.01019664	-0.05455003	-0.04384778	-0.02359368	-0.001005954	-0.1346345
SASper28	SASper28	59	-0.06277853	0.1870697	-0.1712199	0.1216335	-0.134038	0.07731881	0.03952515	-0.03331639	0.04239006	0.0271727
SASper29	SASper29	60	0.2796521	-0.1471469	0.09885919	-0.05061002	-0.04335418	-0.01743985	0.02200059	0.02362783	-2.516325e-05	-0.07908732
SASper30	SASper30	44	-0.02929756	0.1317638	-0.01777616	0.05154374	-0.04212921	-0.006585991	-0.1329341	0.1265509	-0.001908246	0.08628321
SASper31	SASper31	38	0.005668766	0.04515947	0.03067409	0.04931499	0.06689645	-0.02016515	0.2023104	-0.03166569	0.008585613	-0.02455929
SASper32	SASper32	38	0.02146229	-0.1666185	-0.1800562	-0.006506196	0.02448882	0.005744343	0.01049621	0.005568536	-0.05696358	-0.05136045
SASper33	SASper33	20	-0.08387747	0.07091639	0.0366377	0.08237266	0.04003182	-0.1541534	0.1680573	-0.03848583	0.01209418	0.0900537
SASper34	SASper34	24	0.08307002	-0.08076118	-0.1614204	-0.001510234	-0.0731941	-0.1122268	-0.1766564	-0.02578971	-0.1195995	-0.2539656
SASper35	SASper35	44	0.1396027	-0.05299605	0.09449987	-0.09538681	0.07068716	0.001407129	-0.02120658	-0.09942284	0.2832182	0.1559056
SASper36	SASper36	56	-0.1128129	-0.07084563	-0.04175045	-0.02278634	0.009716626	0.07758348	0.1856914	0.03978635	0.04564919	0.1047961
SASper37	SASper37	45	0.1200713	-0.1280229	0.04009985	0.08862505	-0.1185762	0.0629817	-0.01661742	-0.01414564	-0.02578778	0.008817542
SASper38	SASper38	49	0.06212494	-0.03368976	0.03641585	0.09192053	-0.01445029	-0.02655525	-0.09446211	0.005603573	0.01099918	0.04738473
SASper39	SASper39	57	-0.03469886	0.07000762	0.06689877	0.01561729	-0.02218363	0.1153668	-0.03457973	-0.03288336	-0.03415342	-0.09491648
SASper40	SASper40	49	-0.1000255	0.1064279	-0.06471892	-0.1241348	0.170988	0.03459013	-0.02188181	0.05895053	0.06637151	-0.06669142
SASper41	SASper41	51	-0.09922297	0.05464079	0.1022897	0.0785896	-0.05486896	-0.03654245	0.1841873	-0.07676665	-0.02591856	-0.006094948
SASper42	SASper42	50	0.1051046	0.02341082	0.003350842	0.05508353	0.08861346	0.1546578	-0.1226865	0.04717197	-0.006125239	-0.05207918
SASper43	SASper43	52	0.01605355	-0.01791433	-0.05849192	-0.02659069	0.06115303	-0.1558519	0.2004798	0.0393289	-0.006347951	-0.1160336
SASper44	SASper44	54	-0.07859353	-0.06409003	-0.02637513	0.0274909	0.1174182	-0.0656573	-0.07482101	-0.01453789	0.03002359	0.03506431
SASper45	SASper45	39	0.01369476	-0.05840164	-0.1774269	0.08468973	-0.1596245	0.06233796	0.1208622	-0.06595252	0.05127418	-0.06587769
SASper46	SASper46	57	-0.0671475	-0.07018935	-0.0869786	-0.1636998	0.06583094	-0.04776306	0.1318577	-0.005899914	-0.09328628	-0.05730679
SASper47	SASper47	54	-0.07161792	0.01307418	0.175386	-0.01107953	-0.08796409	-0.01218623	-0.0003220874	-0.01009009	0.01272544	0.1256795
SASper48	SASper48	48	0.01920531	-0.01328314	-0.002053501	-0.08623469	-0.08784266	-0.07855635	-0.03007049	0.0141773	-0.01019147	0.04507119
SASper49	SASper49	42	-0.04420378	0.1129368	0.1430723	0.08777579	0.1203452	0.01228667	0.09613197	-0.03097014	-0.1603581	-0.2040425
