phenotype
-1.01302072802056
0.106859659296391
-0.22527295369858
-0.903612188045628
0.55250292402483
-0.676956941175089
0.151426466992748
0.583661669605003
-0.29936031430387
0.675966232065959
0.0603356903766444
-0.363006460940239
0.33222126867189
-0.261059866106987
-0.184318446260502
0.143621276003083
0.369165284063185
-0.549041336742551
-0.464579674920391
-0.998807634379898
0.203626198066295
-0.749762309224065
-0.698357279192667
-0.0365631107679158
-1.94997059612391
-0.667402714559579
0.0201758652113179
-0.924750756404263
-0.670993906829125
0.575406947002602
-2.07760781185418
-0.627485144780686
-2.45823977396249
0.360220005825804
0.908017818880722
1.86066672397925
-0.471150999336667
0.233042151339392
-0.22998002169554
-1.24447159615734
1.40622885699193
-0.944148899212863
1.61744965298193
1.46259416665711
-0.0478509455582973
-1.70347659907654
1.16494659975343
-0.356084287031618
1.20514627563914
0.232984410904804
-0.982107912929447
0.882833330889244
0.176871760054249
-0.0694622972027455
-1.54319275178714
-0.348290343103263
-0.234407691343505
0.555883457026479
-0.525092620616051
-0.428883663936859
0.223127232551096
1.49075659502758
0.977952923989196
1.20128614233306
-1.46372018132054
0.578282421011675
-0.18552616164692
0.318955349284992
1.110416919788
-0.780908264211738
0.305397887052739
-0.230280591065052
0.40686984579023
-0.571065044189159
-0.50184028778301
0.820319940856608
0.262506476541472
-0.956509508092539
0.978791385186131
0.10599210140574
-1.32072239355411
-0.907859448407072
1.9650733792179
1.4761310179605
0.0662169471360422
1.11987317836927
0.642767342765452
0.0137122306765289
-0.115731779126168
2.58803068032726
-0.439229066160534
0.913680797050415
-0.191156528138236
0.0049378881874314
1.6513764116519
0.7751319193251
-0.637400172622879
0.911771857066985
-0.426040028032706
1.29577176247503
-1.01834562950733
-1.06395852985409
-0.297879423318276
0.463313424853849
2.20014160008612
-0.411943102270486
-1.68091037985565
-0.622917338030974
0.394066720930598
-0.832818969139215
-0.0981465561345527
0.368315210525938
-1.36344587195668
-0.94741162737299
0.364946339933215
1.33663946246761
0.313759824018131
-1.48275142707346
-0.0668571072111208
-2.61595457111116
-0.57193407453357
-0.385138511665014
0.629239886953696
-0.100437102793807
0.513314351408457
-0.73261434405769
-0.757952608016936
-0.118762811220386
-0.335996116811504
0.062702697905101
-0.890792343482677
-0.744216986734867
-0.775453221424313
-0.211121371728226
-1.05568168017405
-1.16854122047177
-0.675639231369786
-2.20460792093191
-0.547955641036673
1.20749233679034
1.48533479721092
1.96133583512377
-0.944356597115593
-0.636765015442003
0.120417086374836
1.16733905818479
-0.388046150875753
-0.938230169297384
-0.614325320301741
0.622139448560886
0.237781292573219
0.793409105330056
-0.0462209703144434
1.59780752415681
-1.5952480607309
0.605064670219103
-1.01153048237432
1.21400668802628
0.656612158961325
0.552259990366809
1.50451325896135
-0.932796290842361
-0.0182832691797334
-0.0467543560829345
-1.45167986309478
0.0357531012413017
1.52344157174527
1.06732617172339
2.2867366585981
0.299230048700745
0.825921229236563
-0.787534199379307
0.775485724983834
-0.0400986172605081
-0.223006741248001
0.379157843767295
0.874948745236844
0.305046706855736
-0.499529342666535
0.731207112494721
1.39200180523177
-0.456651212037579
1.67871407437534
-0.261273721432696
0.0300164023301724
-1.43850116029141
-0.16635423267981
-0.130252410779208
0.756279371952896
1.41261804285931
-0.117571580111183
0.769230563113901
0.23283467821476
-2.24576756003173
-0.244714792770521
0.339319487402403
-0.789906249261779
0.894122591220936
-0.362109159109838
-0.203876750907303
